659919509
3028097476
928088434
628690858
2766437726
1717319683
1481593980
1843415486
716078464
2030127766
3200263352
3737858473
4105373342
4202296346
3051812464
978618391
2972236523
3943719719
2100078325
2565081547
2680762679
3201257431
1166732937
347588336
2999126512
1575163320
1643337719
484099151
2030981666
4137341694
2371085386
1749927578
3144530964
29872001
2522591758
3965662812
3837005923
378982502
2233544368
2359058104
2393817472
1540523876
3439932296
3314075923
2977357830
2573705239
564954867
2055816177
4152075914
2792880388
123236097
242823725
1197191148
2764233366
1052438321
721739688
1227602213
3000680537
3736240391
3188592441
4210931196
3251895802
2774110623
830994521
1870762518
91474013
739387041
1915008988
2791688876
1856295838
3631856845
80368311
1108724864
2750792232
1233887019
72246473
2792282068
1841215602
1089994053
3251592729
920579032
3834878463
1864108210
777238119
3036939439
723575148
3086341693
3124988384
1659207953
1171196412
3750289895
3514693875
1694128520
2402925295
2433101364
2257876413
1197383155
4197352515
2574853723
3094612582
1272118400
60786673
2014304805
2298609264
3183671072
1059203711
136172616
154517434
1530974763
2908323250
1516838495
671511646
568755853
1742952561
623939668
942883418
2596041330
3012056460
2873084722
86589238
1472393998
3542956658
1381733417
3546904362
1779019475
1980456442
72857787
2544294382
1757133823
2102321821
456443835
1201756616
4167821865
2888125685
1858547428
214851285
2789910130
2677432511
4091160142
3679146459
4154923756
2532595778
4198985512
2674663558
2586578572
3732168032
1108098826
541779134
625301259
1045762554
1666252450
3909297366
299683414
2157158644
3856773029
1122292569
2134081867
510392921
1531522269
1757538037
2810041269
2441644701
2695688918
640525301
4271976003
2826599734
440399461
2040873153
709558401
3235390834
1324751438
2922679232
2263756820
2983698061
2429513187
2677897897
4191806153
374465631
452003126
4027389371
2045443446
2368832265
3739679772
4229581369
1410563074
4071461603
2088667897
914691361
999086608
549376640
2860553817
879395858
241821475
733199176
73207708
2371416284
1781090334
3548400304
666132512
1755998649
3518840195
1075160365
1096162639
891754197
3233752096
3564956644
3504503478
468352096
2363997263
213124447
3852539916
1678098784
824293349
4051148704
2865636193
640172551
3589845555
2360667010
1771378103
897371341
884217532
922847718
1482856464
536275684
3198952186
4222540507
3631682933
1447819915
3126565421
1018706550
669900362
624463083
3658743742
3815394427
1549302494
3867757736
1090948933
1189719793
3986288677
3433224857
2940065254
2028057873
4138244727
2017857658
1606638238
3956214393
2954481310
2714822328
1691050858
682502797
2911498612
3352113810
555548431
722174492
3530066497
2333889447
1496530559
912422248
624626568
1997225719
844853213
168972413
2813808205
319805950
2026882616
3519245349
168611638
3351720789
2129409269
116401146
767356441
3640591285
1940422287
3889108357
508724894
2096083789
2401072435
1447311123
3882654458
1307683679
3338003282
435254018
2114517545
1114891091
1301491286
1885254413
2856978404
4172992404
2045701358
3235592942
1017669982
1231894590
950117839
1998424537
2056135209
1771522613
110859161
893743917
1001478652
1773908965
1769629805
237952380
96463574
3164973501
4216078876
2454531076
4133947261
1215634035
1358053506
1878881607
2095711625
142932006
239070670
3785482114
1776547957
3168578243
1986621723
859468387
3282118000
234164768
3485443891
1000201645
2285132130
1695399989
979534009
931332510
524906898
3791835772
4152424920
2721848651
1598156963
2750813851
3038285690
2930993761
3720613918
3412289350
3079304104
2976846423
1317637956
2997444360
1419384540
3607290973
103175700
778582550
2449975309
1021373894
3448317869
1647489346
3317344993
2061311047
3356561483
3878711867
1140815791
779549877
1415964470
2992192740
994616018
891991339
2032056587
2466085095
2981106652
789907610
2987586608
1260707235
584369618
3091362746
2529746416
2185214426
2993407665
423341970
3535334887
2824594555
2438423916
4179634957
3250746450
2070510525
308714049
1695601150
184488577
4150528578
1411271132
301652619
1091292841
3279268913
1004367604
2763255344
3041813882
1023178678
2001091028
4277653074
137026617
3062899880
3841822067
3228779845
2955837411
2083728997
1582347143
2780832749
2720533828
1722779255
344564051
868795600
1834661544
2973950068
3466503773
1494268552
3910039779
2274141449
4241234681
2834662523
173112471
2573800436
2581538415
2588706472
4273765148
2555577939
1347645291
3849718765
3038936108
732910999
1405524519
1483050890
720902227
3193638869
1833658273
3915648785
1579564619
3652149325
711206765
2184748167
1687446022
586895520
1558693238
504847804
1789852902
1621501255
1498135977
1035371501
2385962516
2879190811
1874184853
1993587608
191439077
1133656595
2597624309
1913053106
3001168323
377983908
881471976
3853798922
3069611346
2522874532
2062653666
473832499
924304148
1206714535
3048725038
612246465
1043946054
1021505018
2536581685
1273057190
1163599659
1364135679
4009011129
873088152
964703958
1115091665
3692831610
1843895602
1397627386
1759353870
402284030
1053344477
2193953599
1709802550
1993921208
3677284651
1720824312
585089773
2120455716
272210135
2372909737
1009378905
2077123926
547215684
1475969897
2708409438
2408949088
1326682464
2379085139
3183406612
295943582
452861985
2357385274
2413616563
1402529351
2135597350
4057079678
857435324
721236126
1934601401
888240474
627028482
899486132
2077754045
3101053495
1614679616
1554548359
3325144966
1975476592
174917286
170711714
2389443416
3321069916
337960366
4084545849
506050254
153757385
4231365467
3714630015
1522792278
2811445912
2430597901
1176918352
739145907
179031397
2319433483
2940453972
3602341036
1661657561
1826581171
2636397738
629044662
3853935960
2096291988
2592943220
1362289794
1861807317
2176592041
2286757948
809597641
935346771
3274132600
3165171226
3428038240
1594266818
2545133130
1235221978
2523579523
2964114647
3527132864
2694529262
4279370013
627183389
3815025751
2879004576
3920881151
1496316456
2685060567
1760902844
2494960586
538895608
1007276506
1524112828
548862685
609643701
431808077
344029393
309431896
1379970913
2433373311
1015745874
767769554
2962724103
1136286488
2025455975
1734352169
3173067334
1567164807
2612844003
1638534921
214315218
2734066616
3689195394
292183946
2059377502
3979949223
361786368
1290638240
2096268325
2878273196
2389782070
2126073827
1825406168
3341026016
1611983456
1369501275
2639335126
1009440671
3144005295
2654058849
2935121872
1484440244
1322756336
3974337746
1626533335
2027841730
2100152230
4109023280
3996651962
3163959423
1945167424
1399392351
3684759657
3002114636
2910663125
2708283426
508837735
3327488976
774867505
984980195
1141264132
2801722620
3467228181
2081200833
694865143
2155565637
2622471831
1285464301
3211162956
3296272631
3460600221
3994696435
866338621
3463863219
73047496
2607282127
3242540181
1827136884
3753345971
1234090156
2146578098
2036608010
139502605
662710769
1323856258
2549850948
3306644985
801463436
1496402804
914628991
4254563927
3525113699
3543026986
1342184517
2520150919
1725678712
3103105842
1676656849
625600307
1455370762
2354420678
1225117625
2572457835
3933221001
3130479801
2020523892
907888263
3419845223
105591701
907084352
4141450548
1959182609
2262982943
3669665508
1653530294
2356442213
2041534425
1470377746
3055439028
1414838977
3215024634
1320700079
3722600560
2144072053
1781534750
2441645039
2660156729
1246943754
4076837543
2442447891
189391294
640861438
668968838
4066483916
2185824152
3580222224
1010635611
638253004
1214177531
3435133951
1375755482
3418280213
1766880877
719174880
2390269252
2319448725
135655781
3611709928
2776835660
699990725
1590236811
2754974682
656869137
2154837938
2320615243
2461499313
255560806
3319938272
2556571168
3225242170
4040367390
799671246
1821351890
513117817
3321046847
3620892054
1174088262
2051508770
4147471487
702851871
2455745977
4102442919
1327120889
2974391653
1636794948
1522062614
660751616
2894803540
2618594614
2697804437
1796594061
2750779244
2030615541
197576274
960127464
4135740552
1135222807
2696099028
1800140620
1556833010
1462688054
4001432872
810110248
323179503
13298481
1862295858
2329085554
3563099617
2076654666
1247234596
1988223796
3698631264
1307241123
3663921611
3771769935
338971016
3216592440
2225287741
2776382117
1199608599
1462796909
2190265429
462870199
425203693
2269540167
1279888523
3065556850
3825642940
965807602
529993506
1719346250
959367087
3132806408
1644778523
2016008825
2752864148
3758168589
3645013091
3758875962
3277321932
4262432984
4103788757
1004726679
3563886432
581909395
1765189055
3467903167
3230434639
1870696501
3477587348
2103005773
455336569
3356920485
1055389809
1867746836
1122233759
2581978041
2948557096
1295704611
3088681087
2543683970
493631066
2366131450
2091900381
410071829
1058362952
2423609843
1011619646
989288861
1851499538
1803794847
2653444007
2018559974
3382105133
1404018654
2249913186
108002981
710562925
1859850634
1889862306
3812334132
3709701097
1901937755
947583492
3569290374
3788557257
1235246795
2567038893
1625864711
2333159073
4161831839
191192224
3634562691
1314643122
611352206
2069549189
2170474260
304848879
1524802343
855745618
1357579875
2325677503
2817188415
852652821
1956459224
3290129550
2790044257
1104665366
600293258
1171308044
11456877
2743731719
2031625617
1158985555
3226091844
4265006360
2722204799
3991169904
3620517164
1239986721
795768473
1158159629
2977621388
1428170878
2558038366
3713113404
2749373281
332317294
1536264978
1895136647
2083505475
3758976562
293290636
4205162668
3869955569
3374557097
2784808604
3861148464
3619088163
3406367265
2484053184
2632117244
753860585
2773005401
2332601159
2945966159
506571974
3235894200
997267416
4085222734
3257404894
4123660000
1101480100
263203273
1621974320
3337903341
426923027
2537960656
1265497754
1673769802
3165526270
1786879726
277147318
3540283963
12169142
171025982
1645147050
852582157
4176962119
833512067
1936723764
757841763
264050698
1497316735
2682303679
3063332957
1938047353
1877269818
3367771226
1851685199
4258170854
451555425
2471072829
3353455984
3063097996
3019834024
1877222527
1010451296
3105605046
537679058
1446758867
1397298453
3484796670
464686962
3175599705
2388152560
2275429566
1510306265
1435413366
707897636
4129174678
2239568037
606362852
990906283
17090602
3920488754
1972970993
3464066584
4099889345
3933881109
4116629627
1515605366
3165902410
1580783188
1216024909
3744821640
4053605353
3725829509
2416323558
1300531063
3324341846
908518691
299128686
964509342
1006199656
4255381768
1150184537
3683622046
2525804316
1814197231
373478118
501738516
2350795890
654170064
1193908253
3538463710
171999480
2077836969
3749414900
1567870408
3973016204
127822050
3767010861
23818489
1442417855
220862534
2241674209
3093530997
