_C_41127944_0 8c 0 1e8 0 0 6c65732e 0 20637963 0 65202564 0 2074616b 0 77696c6c 0 696f6e20 0 65726174 0 68206f70 0 20656163 0 7465642c 0 65746563 0 44452064 0 45525249 0 535f4f56 0 59434c45 0 43 
_C_b169b91b_0 9c 0 20 0 3ff00000 
_C_5c5002ce_0 8c 0 f0 0 0 6e203e3e 0 6174696f 0 696d756c 0 68652053 0 6e672074 0 61727469 0 3c205374 0 203c 
_C_e0fc6139_0 8c 0 1b0 0 0 72616379 0 61636375 0 756c6c20 0 6d652066 0 61737375 0 696c6c20 0 642c2077 0 65637465 0 20646574 0 52494445 0 4f564552 0 4c45535f 0 20435943 0 4e6f 
_C_d832599_0 8c 0 70 0 0 3d202564 0 73747320 0 6d5f7465 0 6e75 
_C_202da580_0 8c 0 d8 0 0 3d253364 0 6f756e74 0 6c655f63 0 20637963 0 2533642c 0 7075743d 0 6f7574 
_C_b25c6998_0 84 0 40 0 0 ff 0 0 
_C_e7937010_0 8c 0 d8 0 0 203e3e20 0 6c657465 0 436f6d70 0 696f6e20 0 756c6174 0 2053696d 0 203c3c 
_C_afb644f5_0 8c 0 c0 0 0 3a202566 0 6d652020 0 655f7469 0 6379636c 0 6167655f 0 61766572 
_C_ad11a2b8_0 8c 0 58 0 0 64203a20 0 74202534 0 546573 
_C_2a8f12e9_0 94 0 20 0 0 10000 
_C_6c0bf5b4_0 8c 0 50 0 0 2e767064 0 5f746f70 0 7462 
_C_dcc8db3a_0 8c 0 90 0 0 453d2564 0 52524944 0 5f4f5645 0 434c4553 0 4359 
_C_8d530837_0 8c 0 320 0 0 726f7221 0 65206572 0 6f6c7574 0 20616273 0 206d6178 0 6e696e67 0 73736967 0 732c2061 0 79636c65 0 30642063 0 6e202531 0 65642069 0 73656e74 0 65707265 0 62652072 0 6e6f7420 0 2063616e 0 25313064 0 206f6620 0 74707574 0 64206f75 0 65637465 0 20457870 0 494e473a 0 5741524e 
_C_987edcd3_0 8c 0 60 0 0 533d2564 0 54455354 0 4e554d5f 
_C_72b0b9ec_0 8c 0 108 0 0 25366429 0 54454428 0 58504543 0 213d2045 0 36642920 0 544c2825 0 203a2052 0 52524f52 0 45 
_C_2dc467f4_0 8c 0 50 0 0 2e766364 0 5f746f70 0 7462 
_C_c395190d_0 8c 0 2e0 0 0 453d2566 0 292c2041 0 25313064 0 2536642f 0 25662028 0 7465643d 0 78706563 0 292c2065 0 25313064 0 2536642f 0 25662028 0 7075743d 0 206f7574 0 3130642c 0 6e743d25 0 5f636f75 0 636c6573 0 3a206379 0 25346420 0 65737420 0 203a2054 0 41544348 0 4d49534d 
_C_b35bc3_0 84 0 20 0 0 0 
_C_ad4ad0d_0 84 0 20 0 0 1 
_C_ca7b4e23_0 84 0 2e 0 0 0 0 0 
_C_1bd9de64_0 8c 0 40 0 0 3a202566 0 4d414520 
_C_56b30e1c_0 8c 0 180 0 0 696e672e 0 65786974 0 494c2c20 0 545f4641 0 4e4a4543 0 68202b49 0 20776974 0 75636564 0 20696e64 0 4661696c 0 52203a20 0 4552524f 
_C_cabe6709_0 8c 0 58 0 0 4641494c 0 4543545f 0 494e4a 
_C_477e7022_0 8c 0 28 0 0 45425547 0 44 
_C_351a8780_0 94 0 20 0 0 0 
_C_38ac4f8a_0 8c 0 200 0 0 33642c20 0 77793d25 0 33642c20 0 77783d25 0 25642c20 0 7431313d 0 696e7075 0 25642c20 0 7431303d 0 696e7075 0 25642c20 0 7430313d 0 696e7075 0 25642c20 0 7430303d 0 696e7075 
_C_21d56a1c_0 94 0 20 0 0 2 
_C_fbbe2435_0 9c 0 20 0 0 
